[gd_scene load_steps=16 format=3 uid="uid://cnco7afdlh24l"]

[ext_resource type="Script" path="res://game.gd" id="1_dek3o"]
[ext_resource type="Texture2D" uid="uid://c8a082ga1spjj" path="res://assets/soccer_field.png" id="1_sa4vv"]
[ext_resource type="PackedScene" uid="uid://bkhlgdnuwnhx5" path="res://entities/soccer_player.tscn" id="2_aa43i"]
[ext_resource type="PackedScene" uid="uid://cxnx4bev2ddbs" path="res://entities/ball.tscn" id="4_iix87"]

[sub_resource type="ProceduralSkyMaterial" id="ProceduralSkyMaterial_lv0hr"]
sky_horizon_color = Color(0.64625, 0.65575, 0.67075, 1)
ground_horizon_color = Color(0.64625, 0.65575, 0.67075, 1)

[sub_resource type="Sky" id="Sky_tkswt"]
sky_material = SubResource("ProceduralSkyMaterial_lv0hr")

[sub_resource type="Environment" id="Environment_o6hid"]
background_mode = 2
sky = SubResource("Sky_tkswt")
tonemap_mode = 2
glow_enabled = true

[sub_resource type="PhysicsMaterial" id="PhysicsMaterial_effto"]
bounce = 0.7
absorbent = true

[sub_resource type="BoxShape3D" id="BoxShape3D_b2aks"]
size = Vector3(50, 1, 25)

[sub_resource type="StandardMaterial3D" id="StandardMaterial3D_5rx0d"]
albedo_texture = ExtResource("1_sa4vv")
uv1_scale = Vector3(3, 2, 1)
uv1_offset = Vector3(1, 0, 0)

[sub_resource type="BoxMesh" id="BoxMesh_27aw1"]
material = SubResource("StandardMaterial3D_5rx0d")
size = Vector3(50, 1, 25)

[sub_resource type="BoxShape3D" id="BoxShape3D_durat"]
size = Vector3(50, 30, 10)

[sub_resource type="BoxMesh" id="BoxMesh_p8dnh"]
size = Vector3(52, 2, 1)

[sub_resource type="BoxMesh" id="BoxMesh_yp5wl"]
size = Vector3(27, 2, 1)

[sub_resource type="PhysicsMaterial" id="PhysicsMaterial_2b660"]
bounce = 1.0

[node name="Game" type="Node3D"]
script = ExtResource("1_dek3o")

[node name="DirectionalLight3D" type="DirectionalLight3D" parent="."]
transform = Transform3D(1, 0, 0, 0, -4.37114e-08, 1, 0, -1, -4.37114e-08, 0, 14.511, 6.24063)
shadow_enabled = true

[node name="WorldEnvironment" type="WorldEnvironment" parent="."]
environment = SubResource("Environment_o6hid")

[node name="Camera3D" type="Camera3D" parent="."]
unique_name_in_owner = true
transform = Transform3D(1, 0, 0, 0, 0.538418, 0.842678, 0, -0.842678, 0.538418, 0, 7.40929, 4.01272)

[node name="Level" type="Node3D" parent="."]
unique_name_in_owner = true
transform = Transform3D(1, 0, 0, 0, 1, 0, 0, 0, 1, 0, -0.5, 0)

[node name="Ground" type="StaticBody3D" parent="Level"]
physics_material_override = SubResource("PhysicsMaterial_effto")

[node name="CollisionShape3D" type="CollisionShape3D" parent="Level/Ground"]
shape = SubResource("BoxShape3D_b2aks")

[node name="Geometry" type="MeshInstance3D" parent="Level"]
mesh = SubResource("BoxMesh_27aw1")
skeleton = NodePath("../Ground")

[node name="Bounds" type="Node3D" parent="Level"]

[node name="StaticBody3D" type="StaticBody3D" parent="Level/Bounds"]
transform = Transform3D(1, 0, 0, 0, 1, 0, 0, 0, 1, 0, 0, -12.8)

[node name="CollisionShape3D" type="CollisionShape3D" parent="Level/Bounds/StaticBody3D"]
transform = Transform3D(1, 0, 0, 0, 1, 0, 0, 0, 1, 0, 0, -4.96389)
shape = SubResource("BoxShape3D_durat")

[node name="MeshInstance3D" type="MeshInstance3D" parent="Level/Bounds/StaticBody3D"]
transform = Transform3D(1, 0, 0, 0, 0.841237, 0.540666, 0, -0.540666, 0.841237, 0, 0, 0)
mesh = SubResource("BoxMesh_p8dnh")

[node name="StaticBody3D2" type="StaticBody3D" parent="Level/Bounds"]
transform = Transform3D(1, 0, 0, 0, 1, 0, 0, 0, 1, 0, 0, 12.8)

[node name="CollisionShape3D" type="CollisionShape3D" parent="Level/Bounds/StaticBody3D2"]
transform = Transform3D(1, 0, 0, 0, 1, 0, 0, 0, 1, 0, 0, 5.59394)
shape = SubResource("BoxShape3D_durat")

[node name="MeshInstance3D" type="MeshInstance3D" parent="Level/Bounds/StaticBody3D2"]
transform = Transform3D(-1, -4.72665e-08, 7.35433e-08, 0, 0.841237, 0.540666, -8.74228e-08, 0.540666, -0.841237, 0, 0, 0)
mesh = SubResource("BoxMesh_p8dnh")

[node name="StaticBody3D3" type="StaticBody3D" parent="Level/Bounds"]
transform = Transform3D(-4.37114e-08, 0, -1, 0, 1, 0, 1, 0, -4.37114e-08, 25.0796, 0, 0.169832)

[node name="CollisionShape3D" type="CollisionShape3D" parent="Level/Bounds/StaticBody3D3"]
transform = Transform3D(1, 0, 0, 0, 1, 0, 0, 0, 1, -1.93715e-07, 0, -4.67398)
shape = SubResource("BoxShape3D_durat")

[node name="MeshInstance3D" type="MeshInstance3D" parent="Level/Bounds/StaticBody3D3"]
transform = Transform3D(1, 0, 0, 0, 0.841237, 0.540666, 0, -0.540666, 0.841237, 0, 0, 0)
mesh = SubResource("BoxMesh_yp5wl")

[node name="StaticBody3D4" type="StaticBody3D" parent="Level/Bounds"]
transform = Transform3D(1.31134e-07, 0, 1, 0, 1, 0, -1, 0, 1.31134e-07, -24.9204, 0, 0.169832)

[node name="CollisionShape3D" type="CollisionShape3D" parent="Level/Bounds/StaticBody3D4"]
transform = Transform3D(1, 0, 0, 0, 1, 0, 0, 0, 1, -7.59959e-07, 0, -5.75317)
shape = SubResource("BoxShape3D_durat")

[node name="MeshInstance3D" type="MeshInstance3D" parent="Level/Bounds/StaticBody3D4"]
transform = Transform3D(1, 0, 0, 0, 0.841237, 0.540666, 0, -0.540666, 0.841237, 0, 0, 0)
mesh = SubResource("BoxMesh_yp5wl")

[node name="Player" parent="." instance=ExtResource("2_aa43i")]
physics_material_override = SubResource("PhysicsMaterial_2b660")
is_player_controlled = true

[node name="NPCs" type="Node3D" parent="."]

[node name="NPC1" parent="NPCs" instance=ExtResource("2_aa43i")]
transform = Transform3D(0.882291, 0, 0.470704, 0, 1, 0, -0.470704, 0, 0.882291, -13.8538, 4.62931, 0.153951)
physics_material_override = SubResource("PhysicsMaterial_2b660")

[node name="Ball" parent="." instance=ExtResource("4_iix87")]
